50526
97389
136766
218497
273142
286349
345396
435933
490080
500738
547393
599626
674029
714349
745452
808120
898890
923457
925624
986940
1004220
1004736
1010038
1092365
1123555
1145460
1180038
1250567
1336041
1395594
1486834
1564398
1608820
1638309
1721317
1811695
1846234
1925285
2004433
2087889
2116500
2150994
2219748
2288334
2313734
2332430
2368261
2418726
2496437
2507720
2577657
2593525
2676865
2680241
2718299
2800836
2875992
2974255
3022777
3085791
3149872
3164756
3240998
3306430
3400699
3470722
3508500
3579457
3664743
3698739
3758131
3823134
3911837
3969986
4043452
4071815
4090075
4143348
4163190
4219073
4269897
4301304
4355266
4454620
4529302
4614397
4673608
4760665
4776777
4868160
4931886
5008439
5012684
5053295
5087581
5154573
5234330
5312387
5328208
5375210
5391563
5448835
5544145
5570706
5617007
5695775
5789251
5827793
5852538
5928500
5976056
5985583
6024465
6083565
6150060
6169770
6189711
6209709
6246532
6291703
6309552
6326324
6408382
6464304
6540036
6639288
6700679
6794677
6849454
6890798
6929587
6952982
6978973
7060802
7091821
7121836
7197328
7220297
7243109
7276919
7306657
7338855
7374799
7382843
7442160
7518708
7597354
7600315
7681093
7693407
7769947
7796387
7882359
7965853
7981828
8043451
8083185
8113656
8165139
8193166
8253774
8296079
8377274
8443625
8509301
8518725
8526936
8546048
8624321
8626108
8638844
8663502
8719602
8782543
8828806
8882330
8950696
9021838
9120788
9122190
9206662
9225277
9293150
9338404
9394667
9493241
9530476
9565777
9636363
9732855
9805562
9896144
9988546
10007371
10016618
10061727
10114440
10173995
10245112
10282838
10303705
10307232
10388778
10395275
10455279
10481203
10498343
10500145
10567199
10601348
10675331
10701331
10770223
10862911
10920815
10971188
11020266
11063598
11139000
11158343
11174993
11204320
11273122
11295482
11321891
11360905
11411320
11510269
11515144
11529348
11613741
11691976
11747764
11836063
11845046
11871737
11929172
11952031
11956332
11977651
11981234
11981950
12010445
12077558
12122502
12192842
12197899
12217888
12228302
12243785
12266696
12345589
12367876
12396429
12439442
12455360
12494756
12590635
12606081
12677159
12678358
12724596
12798761
12839231
12900980
12910255
12998516
13064919
13096496
13148794
13184061
13256885
13355287
13422171
13484602
13509444
13540557
13543363
13546831
13566646
13592401
13601991
13602295
13698070
13731947
13817764
13915738
14007243
14078800
14135937
14179984
14258164
14265726
14354045
14372024
14422975
14446145
14536230
14547975
14633667
14700111
14775059
14810835
14832888
14926011
14939237
14981733
15079698
15082448
15130406
15183332
15275484
15375092
15400907
15432877
15531572
15596481
15646032
15674304
15681886
15742861
15804504
15893210
15934253
15997645
16029836
16082539
16160843
16230021
16238336
16291553
16316957
16400707
16448312
16491633
16573856
16630401
16668919
16704047
16768636
16838208
16908933
17001494
17093134
17169915
17224746
17279092
17363863
17419646
17500287
17525073
17586014
17626439
17700360
17703942
17779846
17816786
17900993
17958220
17965574
18059197
18118431
18159330
18250967
18256815
18285283
18329915
18332731
18425531
18495541
18521546
18597348
18666415
18704340
18736335
18818887
18833153
18882515
18940833
18974540
19064502
19094771
19167242
