33699
125810
184952
233873
301604
340481
389480
418285
458573
478396
557612
655542
678364
702285
768208
782675
840611
923877
955939
999736
1040164
1120116
1216482
1265933
1299962
1382556
1455982
1516981
1583120
1680869
1741700
1822693
1889096
1937877
2022164
2030161
2108944
2154528
2233670
2328451
2340827
2438836
2519858
2587588
2597247
2639574
2726138
2778097
2862974
2915051
2970449
2990756
3008207
3026339
3060820
3127023
3196059
3276257
3283557
3356421
3422248
3459885
3495026
3586201
3612166
3620647
3671027
3716615
3719391
3794086
3885130
3902259
3964825
3982898
4055416
4116276
4154241
4214050
4312580
4364931
4426027
4438318
4505708
4550533
4581990
4595218
4693389
4740601
4762088
4854716
4900950
4938612
4950342
4995188
5020171
5026893
5043881
5058890
5155637
5178521
5234968
5321447
5409152
5443639
5476109
5507021
5522127
5537058
5549338
5575262
5670969
5753060
5832239
5867973
5931674
5971919
6053420
6065703
6135563
6197360
6220069
6287084
6316286
6345113
6374039
6458848
6521366
6530462
6561683
6561893
6644800
6712269
6806030
6894909
6948204
7041434
7119621
7178941
7249827
7345313
7429792
7465791
7518516
7574806
7626369
7702825
7748075
7787888
7814377
7885597
7964422
7987624
8002892
8037883
8048278
8083855
8114938
8167596
8208374
8246929
8269441
8339497
8343347
8408980
8477585
8502348
8544446
8579548
8599573
8607735
8611748
8661124
8740125
8796247
8829413
8911831
8943387
9010079
9102544
9193167
9257101
9288974
9338807
9361700
9415564
9479329
9537503
9567784
9571986
9642567
9679286
9685384
9745120
9805657
9900403
9942520
9973606
10017923
10111166
10180369
10251868
10334809
10418433
10431932
10455288
10482834
10524613
10566780
10613342
10683731
10714973
10798512
10839621
10894105
10986190
11006334
11044202
11083257
11090676
11145774
11176813
11271226
11333846
11412504
11453249
11528480
11606217
11706164
11797908
11886847
11966006
12063035
12093147
12182073
12279891
12340633
12408710
12429809
12497804
12527224
12534513
12567578
12652824
12666078
12728960
12764295
12784385
12872927
12951210
12983201
12988072
13084522
13095267
13192450
13209081
13249600
13336414
13410653
13449473
13544969
13569077
13657597
13689025
13702336
13736545
13779991
13815838
13912022
13969520
14021385
14102903
14127945
14211435
14220261
14303813
14390700
14459184
14520202
14535938
14630648
14644101
14668970
14694551
14716534
14796092
14828319
14903971
14906895
14982061
14996754
15007093
15067272
15114614
15134801
15166675
15176633
15242779
15297948
15299401
15393819
15411791
15507152
15516372
15592944
15612275
15689671
15752304
15845164
15903049
15908826
15936183
15946817
16023399
16029060
16102929
16117670
16169603
16186191
16216956
16259890
16265604
16292577
16351165
16394322
16437225
16475504
16567401
16618150
16625203
16630114
16635902
16730333
16828754
16839747
16905031
16962664
17017478
17033050
17114863
17193792
17275233
17312296
17319972
17393235
17466096
17525894
17575305
17666767
17756441
17854001
17938786
17978681
18008022
18064046
18150052
18180341
18193733
18270167
18344703
18394829
18414713
18479648
18514783
18601242
18604979
18672330
18767789
18827236
18896816
18989276
19045640
19077835
19132555
19175687
19207390
19304964
19389766
19451130
19494864
19582581
19610619
19636736
19714945
19723026
19754178
19811349
19850604
19942014
20023866
20089892
20138841
20206818
20295763
20386036
20442710
20520721
20593015
20643534
20703317
20713644
20771294
20806345
20899896
20919942
20947394
21030495
21126857
21157329
21176297
21178635
21194845
21225467
21312936
21389466
21423853
21478052
21485520
21516970
21560665
21601616
21646051
21738425
21745438
21789800
21849018
21850436
21939032
21959415
22029036
22088881
22114815
22117216
22139397
22158506
22175541
22224911
22240411
22302258
22362813
22452115
22459359
22553356
22570654
22636575
22638670
22700611
22747808
22770541
22786812
22859806
22951830
22964306
22988764
23074061
23097545
23180449
23220298
23241606
23260220
23351287
23361406
23442647
23535937
23540481
23615257
23672708
23752496
23822035
23915885
23932445
23950471
23994762
24051055
24114068
24202614
24287957
24386927
24434188
24496561
24567370
24657057
24743470
24773963
24800190
24866645
24945228
24972957
25011923
25104945
25189678
25273550
25303615
25349423
25410019
25476306
25532970
25550982
25607301
25693776
25699405
25768987
25826640
25873191
25936736
25987361
25998036
26089563
26100665
26155186
26210110
26289508
26314147
26370108
26397683
26428733
26459268
26460196
26513121
26605597
26693314
26750840
26820797
26873054
26887233
26910517
27005366
27090264
27116358
27141726
27189364
27203068
27245851
27259281
27341391
27365705
27460291
27523156
27606273
27680904
27762234
27813679
27879388
27915462
28008007
28019169
28099845
28137630
28203510
28235863
28264170
28333288
28384574
28483404
28574229
28666506
28695705
28734222
28784437
28824298
28855903
28927338
28962761
28995823
29029575
29094542
29131456
29196666
29242785
29290894
29350478
29365042
29384545
29392741
29401338
29429632
29452382
29478852
29528927
29622836
29714418
29736509
29751661
29775894
29781630
29781781
29876446
29950158
30010926
30107908
30123025
30124914
30179056
30205041
30269923
30306756
30330795
30392181
30428511
30469944
30470812
30486563
30547139
30636645
30677093
30735774
30817374
30848242
30929060
30937851
31027737
31105552
31114494
31159697
31197376
31253203
31344125
31421341
31476916
31491654
31548462
31601389
31634319
31706563
31709039
31778970
31854114
31881994
31977298
31999994
32002097
32007035
32084308
32178058
32228074
32266653
32340207
32435293
32446313
32489816
32502514
32573883
32602460
32626126
32631360
32695488
32731838
32788149
32886060
32929778
32949197
33010520
33107653
33152149
33153009
33244115
33257017
33261491
33309622
33363066
33374278
33426280
33433735
33481693
33557021
33650714
33745955
33827492
33881697
33932126
34004728
34010767
34102211
34115213
34145265
34149240
34169526
34246320
34324906
34411332
34498479
34556501
34611977
34654790
34733523
34794610
34801849
34873892
34942058
34945576
35022387
35122338
35208305
35294509
35353727
35360660
35408708
35432315
35530167
35532477
35621772
35721740
35765973
35767271
35808830
35817432
35855484
35928605
35948928
35956674
36030337
36047137
36094628
36165745
36187149
36265685
36278331
36304836
36306844
36324944
36408928
36430705
36478599
36532076
36544321
36562605
36590823
36624266
36690379
36752991
36817720
36828851
36839971
36910393
36915231
36921934
36956984
37030498
37112865
37136534
37188457
37225391
37324557
37405007
37478801
37520757
37531675
37612654
37708430
37717438
37745002
37807519
37871664
37939921
38020833
38041963
38085202
38101496
38197826
38250852
38342167
38414985
38415879
38441043
38507870
38538172
38626317
38666675
38674784
38715621
38788847
38813716
38844734
38930492
39011505
39109276
39138291
39172985
39192122
39206458
39274314
39332553
39383744
39480682
39495112
39507963
39534016
39631161
39715804
39716816
39721438
39766478
39785042
39845326
39926292
39968589
40029622
40046729
40074515
40167063
40183935
40257874
40268394
40316365
40383866
40403804
40408326
40460682
40513221
40568901
40651591
40654546
40705447
40747026
40817994
40856988
40950801
40961644
41017526
41108398
41112196
41171165
41245456
41257897
41263049
41317987
41348595
41373414
41469297
41471833
41491371
41590906
41601673
41611442
41628442
41629706
41676954
41731272
41776337
41801782
41877298
41913144
41925626
41984663
41997259
42014571
42089099
42177098
42263646
42309892
42338111
42390176
42399794
42431779
42432717
42500955
42557036
42631885
42727902
42821499
42844485
42880621
42880962
42882586
42930735
43016285
43035794
43110669
43135318
43147616
43238787
43264265
43305224
43365465
43414911
43433144
43484573
43511582
43605454
43648985
43698688
43745510
43756613
43847996
43937751
43951041
43987235
44083426
44183041
44280963
44346723
44417399
44459535
44509700
44580286
44602994
44632395
44714160
44795865
44862557
44863319
44868180
44962637
45006516
45024119
45055385
45154046
45211624
45297072
45345228
45434803
45482386
45568682
45629485
45693925
45698451
45791244
45833914
45865327
45934156
45953903
46004054
46053498
46144735
46232867
46310864
46348566
46354309
46416378
46501415
46515853
46552127
46650955
46674808
46700787
46785724
46788209
46794919
46853536
46871465
46916715
46982716
46997469
47059307
47083315
47124452
47213369
47232469
47321760
47381207
47452170
47520948
47600280
47627406
47654499
47668418
47750636
47753736
47797697
47815884
47822006
47920161
47974541
48031783
48033502
48129309
48153973
48209070
48290548
48333407
48350869
48404249
48433249
48519430
48551912
48639748
48723302
48802110
48808072
48882436
48961937
49007972
49100411
49118088
49153967
49208640
49288235
49385006
49435704
49440949
49535941
49612217
49701944
49797456
49855063
49924809
49989794
50063153
50150206
50231604
50233388
50275970
50278350
50357826
50455806
50504358
50546781
50567367
50570357
50630411
50640721
50691317
50707695
50734166
50760369
50854259
50920852
50970151
51026227
51068315
51121259
51182412
51255589
51262507
51267636
51289167
51321011
51353127
51436839
51518445
51520561
51618407
51694057
51743401
51762881
51822264
51844125
51895417
51902114
51933821
51953278
51991606
52051237
52140558
52168004
52220406
52253086
52309854
52339018
52397049
52478852
52514903
52546635
52554621
52595773
52638430
52674846
52702876
52763428
52846202
52914285
52936644
53026053
53059391
53092458
53118090
53196937
53214872
53296050
53311874
53319908
53410698
53464794
53518651
53524534
53570305
53630748
53690572
53737604
53810636
53900570
53978352
53999669
54021070
54087440
54093834
54099436
54181380
54254699
54314598
54333379
54344209
54402026
54451409
54483605
54573323
54634296
54724540
54739582
54812986
54904308
54929763
54932371
55005747
55005832
55034437
55102712
55105853
55154187
55223504
55294915
55373282
55411479
55501156
55566993
55661165
55711813
55741051
55783492
55851047
55929616
55988512
56039297
56090234
56186448
56258357
56346689
56375481
56388799
56413256
56434615
56467520
56520742
56537835
56542050
56641705
56681161
56717822
56801808
56825237
56872871
56938587
57027173
57071877
57123797
57191713
57234864
57237809
57292086
57348476
57390386
57436253
57531637
57606452
57611454
57626744
57660705
57691400
57763865
57785545
57841509
57911565
58010559
58032894
58060731
58157381
58221320
58241902
58337090
58344122
58392761
58400252
58423838
58521690
58575385
58672549
58722157
58724170
58817835
58883006
58968486
58968656
59060896
59080306
59140756
59227962
59260850
59320838
59363065
59363153
59369603
59408687
59506923
59518417
59588359
59644300
59702809
59775932
59819259
59820029
59826075
59920856
59924958
59968671
60033509
60079220
60107475
60132953
60154105
60242555
60272201
60372197
60469145
60499680
60529310
60543825
60586246
60674990
60707571
60805497
60868913
60882869
60969661
60998526
61008254
61022162
61058874
61155119
61160362
61168269
61215149
61235168
61303426
61381302
61384597
61410905
61467090
61475945
61516906
61566448
61607850
61646697
61704397
61775976
61859442
61945247
61976384
62058308
62124367
62187462
62226347
62236672
62238483
62259849
62354176
62370620
62455546
62539708
62593171
62600203
62600679
62673574
62725425
62730762
62800375
62883039
62957453
63033124
63033461
63054986
63079930
63179512
63223173
63230851
63327628
63390015
63420059
63421696
63499234
63543164
63551868
63575812
63598722
63600272
63644969
63648919
63693412
63723478
63753820
63788721
63875265
63916830
63985305
64033129
64075869
64098527
64149922
64239078
64297499
64301816
64356152
64444286
64447273
64455360
64457820
64475775
64555877
64619796
64630942
64730320
64753481
64762501
64855150
64947099
65021204
65119000
65185700
65232330
65312782
65366774
65400475
65406011
65471656
65539258
65541249
65560300
65638633
65642834
65724709
65733546
65819320
65906676
65990019
65998128
66051366
66134212
66208623
66303996
66349398
66420617
66473653
66516777
66577219
66585919
66592869
66653718
66732853
66825642
66841265
66869743
66913475
66939073
67011361
67084127
67114001
67179962
67200969
67262523
67269522
67318116
67331932
67429968
67479803
67533014
67579605
67636237
67652151
67710357
67744715
67840128
67859044
67929432
67972785
68002290
68034128
68042782
68128525
68168038
68245029
68286776
68354299
68381742
68394637
68449442
68451783
68494898
68552965
68610576
68696208
68701311
68726701
68752802
68785435
68815878
68876357
68933712
69022627
69115196
69195566
69284422
69348839
69357848
69423424
69431498
69457681
69460154
69553348
69558917
69571909
69582479
69663462
69753988
69789991
69799100
69817094
69892689
69948687
69961542
70045024
70065260
70094691
70137574
70190299
70267057
70307996
70368948
70448382
70482252
70499619
70583040
70588797
70621942
70681291
70691331
70699368
70708809
70733225
70833145
70837096
70844684
70884787
70959906
71019650
71092506
71135296
71136117
71158276
71247881
71282338
71295755
71379901
71459798
71475114
71558299
71592748
71666521
71744048
71832869
71891052
71927534
71955716
71972617
72063506
72147209
72152895
72153321
72252573
72341148
72383205
72427698
72499585
72565569
72634441
72672378
72738835
72792930
72834361
72859627
72903465
72974909
73014693
73016975
73063525
73132473
73146576
73237284
73272086
73302250
73395768
73429300
73518430
73568302
73630712
73640796
73705244
73802440
73898643
73944842
73962653
73984565
74038928
74110585
74125260
74170405
74226839
74300595
74355127
74396813
74446603
74501413
74513722
74535130
74579203
74626259
74661830
74755023
74835859
74913806
74921955
75011528
75027924
75082233
75170185
75246523
75344058
75358547
75363330
75406961
75496467
75550625
75582558
75676817
75762026
75764075
75776995
75838061
75913002
75964544
76001808
76090342
76162608
76219407
76300300
76323695
76405243
76406959
76437890
76500408
76535870
76565993
76665342
76718396
76729506
76745575
76762027
76808044
76838077
76908863
76940947
77017054
77026761
77089820
77151258
77206790
77239900
77317619
77323619
77403602
77463099
77472798
77502356
77575164
77663802
77686589
77703708
77725112
77798633
77827084
77845883
77896494
77969735
78002533
78097220
78099107
78154778
78200033
78284974
78332647
78369573
78446934
78483270
78524525
78547781
78632427
78654677
78662055
78726799
78744391
78817729
78843049
78877330
78950300
79025492
79040346
79116607
79203369
79279530
79336814
79345188
79394067
79394305
79446127
79494212
79534781
79562719
79602085
79644955
79684739
79782344
79830360
79923159
79966288
79981803
80032351
80099700
80157401
80206272
80297758
80387501
80414104
80473127
80484082
80554875
80614857
80677079
80682521
80761686
80839115
80899721
80958829
81010878
81035114
81053992
81146208
81185335
81226613
81313460
81411123
81472621
81521760
81556686
81559306
81625105
81669991
81704752
81778177
81831297
81922474
82019633
82062873
82126048
82172602
82251661
82334290
82340171
82381211
82434573
82534123
82564621
82628660
82654926
82744318
82756477
82779456
82805611
82861045
82916177
82948763
82998732
83089288
83149698
83171972
83213234
83303847
83329808
83341302
83346053
83437483
83457879
83515056
83529748
83625046
83717031
83741937
83821854
83905553
83941819
83996667
83997736
84022142
84115257
84130829
84160071
84208050
84300058
84306080
84323282
84415676
84456263
84540585
84563952
84589335
84646650
84719546
84782136
84847124
84882686
84894492
84961370
85038719
85116915
85143098
85160995
85231472
85248092
85269799
85319597
85368720
85448244
85517661
85575573
85590214
85625722
85673467
85745156
85830851
85860664
85924424
85948685
86000845
86085598
86175018
86269922
86320346
86405744
86476462
86550281
86592433
86677867
86721370
86792867
86869959
86880741
86929168
86954053
86967033
87033289
87105030
87122231
87159331
87200848
87244816
87293190
87306006
87398618
87421241
87424982
87493160
87577690
87653410
87750850
87796732
87873727
87914457
87974790
88062259
88120525
88169029
88191085
88213818
88268122
88284909
88354972
88357270
88401795
88467009
88520819
88522068
88564393
88571265
88636474
88663324
88678073
88720712
88727073
88826097
88879938
88963984
88973158
89059799
89109409
89202252
89208153
89252487
89255441
89343560
89436900
89533870
89586569
89625384
89656395
89733195
89793712
89804289
89815407
89817231
89842170
89873702
89924750
89940597
90028595
90054070
90091621
90123624
90175981
90251797
90318388
90409426
90416806
90462771
90550985
90632215
90649236
90709251
90785145
90850957
90860735
90862562
90875187
90909850
90947530
90996821
91011647
91017857
91067398
91164242
91234609
91297257
91355191
91375785
91442521
91476727
91515827
91541528
91569757
91599996
91631821
91635232
91703970
91763763
91772737
91854058
91873704
91895643
91994277
92051283
92069413
92159809
92209311
92301317
92358727
92422677
92471195
92515996
92600436
92626343
92646287
92725944
92801319
92847957
92861126
92943309
93037404
93071816
93163505
93202626
93204863
93234158
93239128
93245016
93299619
93337541
93344067
93432406
93504545
93560285
93638983
93668488
93694528
93743254
93840845
93884374
93925263
93995404
94054521
94094928
94124751
94219853
94220234
94260214
94269986
94299419
94303952
94381834
94387467
94477085
94565870
94626407
94641884
94664388
94715018
94726335
94733554
94759067
94785701
94877885
94896871
94958582
95018178
95089383
95159165
95189759
95212187
95304917
95348884
95352577
95421450
95500792
95596022
95626375
95714287
95814142
95889126
95952869
96028780
96091383
96152624
96196918
96198043
96254549
96293465
96330636
96372497
96436771
96488097
96559067
96617974
96636743
96641578
96676280
96691820
96730899
96771013
96838026
96844026
96894624
96908300
96948054
97026656
97105956
97184078
97243079
97324293
97364339
97433185
97509040
97513988
97599884
97640420
97658607
97703579
97755140
97837383
97864605
97881647
97938248
97968183
98045761
98049833
98068619
98077939
98171022
98244777
98267873
98320260
98360270
98422394
98509958
98558121
98656209
98729438
98788046
98823357
98902705
98937469
98969284
98998298
99046075
99063016
99150986
99222993
99312510
99346222
99374221
99445820
99455822
99546818
99569271
99650525
99744624
99844237
99847440
99884769
99942996
99948851
100038365
100071819
100080508
100144170
100205987
100235864
100322255
100384778
100443471
100532623
100603130
100676052
100743411
100812768
100817755
100826314
100880785
100920031
100952495
100995910
101041221
101057462
101125524
101211140
101304266
101370011
101398014
101412575
101470017
101549279
101641879
101668369
101709794
101797189
101879543
101920637
101979839
102053353
102072047
102165535
102252685
102324492
102367781
102381622
102405714
102493185
102502912
102526870
102578056
102657629
102728248
102809414
102899027
102936697
102993043
103092337
103133625
103217970
103279197
103304294
103323146
103366705
103451208
103536976
103611742
103648336
103703458
103738569
103774583
103797459
103802431
103821312
103834168
103863140
103916133
103919379
103942162
104001999
104027310
104075372
104174343
104272221
104286319
104367956
104438697
104533070
104541638
104633900
104679587
104747237
104752915
104778721
104831742
104890428
104970970
105064159
105117211
105177269
105257094
105260466
105348065
105355197
105366022
105402852
105417306
105506781
105507832
105591946
105687629
105749877
105778793
105810949
105861040
105899759
105974973
106050655
106056641
106084599
106116605
106166422
106226847
106246073
106285620
106339595
106394146
106435466
106527288
106611421
106649434
106737116
106793597
106864251
106938337
106977446
107001274
107025345
107052031
107136976
107194468
107245961
107323748
107325328
107386163
107407026
107456534
107476795
107534100
107599471
107649987
107749746
107808396
107893805
107896418
107985668
108046582
108053067
108068803
108079253
108102120
108190102
108239404
108321855
108330278
108342254
108406628
108444491
108489746
108543657
108620624
108649777
108709382
108782150
108855701
108896475
108944274
108978334
109056880
109100761
109196827
109204799
109275477
109354966
109432535
109486471
109556365
109600480
109613185
109665723
109724689
109774153
109793529
109819970
109839917
109894376
109927242
109938547
110035623
110093094
110109115
110143064
110189515
110207941
110264964
110325447
110362032
110429693
110445002
110488535
110525947
110594964
110619376
110670187
110728040
110750870
110834711
110876102
110927290
110964611
111011302
111101617
111135966
111165595
111208271
111260331
111292248
111312411
111409621
111448560
111457268
111471831
111551243
111616804
111636382
111709397
111756604
111795411
111824087
111870594
111932353
111974246
112039006
112083131
112100703
112120318
112138787
112145852
112205535
112209655
112277481
112306728
112402620
112435252
112475011
112574784
112626844
112682941
112713228
112800348
112826549
112926256
113011550
113019564
113081614
113090129
113133323
113222711
113299633
113330684
113334544
113423802
113515650
113600887
113689074
113772764
113850260
113903327
113977597
114064968
114129970
114168226
114232761
114302388
114376601
114389337
114424801
114464071
114554327
114630344
114671871
114767233
114843745
114886006
114933228
115032841
115132821
115223642
115230803
115325560
115354247
115413612
115430028
115473451
115534996
115548967
115623407
115683606
115731149
115812975
115882674
115923115
115987498
116040505
116102813
116166358
116248455
116259315
116282436
116357068
116435868
116448991
116454763
116465136
116481576
116496345
116505839
116552397
116573825
116632360
116715206
116741729
116793391
116843839
116858486
116890302
116948259
117020699
117040756
117134713
117145088
117182091
117242980
117307497
117334390
117400824
117426153
117438472
117534641
117537962
117637166
117647613
117687150
117751517
117822363
117880407
117902084
117942260
118002592
118082139
118106881
118130116
118164997
118255957
118278056
118304964
118334298
118402610
118441904
118464780
118484867
118567114
118577413
118667324
118670613
118738244
118738556
118819062
118866071
118941076
118952357
118960467
119041217
119041739
119128837
119226784
119230161
119264198
119280217
119364160
119367960
119436699
119519067
119550729
119552073
119625463
119651649
119661175
119724022
119752806
119831081
119894957
119949383
119957800
119998074
120084793
120095564
120114859
120213824
120244897
120272417
120292415
120356441
120406661
120488695
120570366
120629937
120706733
120745028
120797661
120802391
120873644
120920522
120960249
121055611
121061087
121068934
121105860
121190401
121260821
121329995
121350340
121368682
121401910
121438156
121459603
121483616
121509513
121587549
121679900
121713663
121785899
121858584
121951229
121990614
122019766
122076417
122105011
122189766
122200195
122212095
122232245
122249724
122341571
122351668
122354152
122404836
122462925
122520134
122583631
122647814
122665183
122677413
122683812
122778121
122870671
122882667
122933315
122992821
123058931
123065043
123148969
123163541
123165084
123244096
123286150
123374971
123444854
123458188
123554413
123593144
123668926
123706598
123787653
123802929
123870061
123922367
123927248
123939788
123958639
123981129
124034010
124116409
124211324
124262398
124314900
124379295
124432646
124500513
124574364
124623988
124698962
124758076
124802598
124835913
124924767
124966868
125010348
125017388
125080683
125159596
125221866
125234336
125311344
125338774
125417514
125490882
125514652
125601210
125616738
125626947
125670150
125676904
125680030
125696571
125788341
125837718
125905698
125959958
126046327
126062293
126138706
126211637
126216100
126303409
126343419
126389077
126465043
126529090
126596654
126683728
126759792
126827897
126854138
126929619
127011152
127056358
127134307
127207614
127274489
127295939
127331802
127397431
127489356
127517014
127573065
127616747
127663661
127675790
127739368
127829003
127921746
127927912
127944999
127967203
127994241
128088035
128172424
128196040
128265752
128359146
128400062
128451326
128537128
128596277
128626577
128636190
128657134
128660562
128721813
128800270
128873183
128915048
128934327
129029230
129046676
129081551
129090281
129093437
129109526
129151139
129231046
129329571
129405253
129420332
129447922
129454976
129541984
129617125
129665083
129764894
129790833
129797912
129871060
129883943
129963600
130053703
130142288
130198055
130294907
130328401
130416966
130469137
130484532
130573169
130646562
130699764
130701309
130721622
130756809
130763104
130812423
130815370
130892105
130927879
130931243
130994656
131076631
131077671
131123830
131183937
131192878
131260935
131327285
131356841
131387228
131443498
131518323
131532333
131539859
131606057
131683238
131695888
131773475
131816117
131862147
131898555
131963582
132053995
132152848
132153607
132180462
132184038
132283223
132352908
132420704
132485936
132567814
132652465
132690899
132709315
132794282
132876917
132934845
132994981
133070296
133103748
133173841
133183850
133264644
133333637
133384875
133475281
133565521
133664584
133727301
133812646
133824770
133881359
133942274
134042095
134126909
134173573
134246483
134278813
134308062
134376371
134472261
134498995
134516676
134566243
134642393
134674820
134757937
134848842
134887403
134897606
134954525
135001121
135006733
135089664
135163708
135254963
135261005
135285101
135372460
135446738
135492175
135523669
135604085
135644983
135657539
135741137
135787898
135828242
135925685
135944215
136041962
136048444
136086384
136136349
136182961
136227197
136271546
136285160
136330775
136401963
136413091
136434667
136509172
136516267
136552843
136651856
136675080
136701084
136765224
136824878
136876078
136888745
136888934
136895703
136964795
137060091
137086631
137121394
137122674
137190249
137216714
137281167
137373554
137433393
137524749
137561354
137576971
137637180
137691097
137758250
137837072
137861455
137943123
137998772
138056035
138085864
138091192
138096605
138174890
138209132
138300940
138394056
138449503
138540192
138587534
138637375
138660839
138714735
138749054
138837193
138909405
138921982
138958324
139011792
139088581
139179956
139224671
139253538
139303005
139351850
139438675
139514102
139567034
139604764
139637919
139651791
139740033
139784333
139816686
139899709
139977350
140019640
140053641
140064885
140108968
140154316
140192326
140232798
140272739
140321313
140334710
140365188
140394326
140431945
140473490
140499683
140542406
140559698
140594487
140681467
140743808
140801367
140840519
140891363
140927124
141025411
141098383
141149581
141249436
141282443
141306982
141363391
141397044
141485369
141548384
141611393
141665604
141742136
141833844
141916331
141926583
141971625
141975491
142003064
142069162
142081972
142132242
142217838
142256610
142343264
142369385
142400403
142434165
142465652
142552959
142562266
142589309
142614608
142700816
142740227
142781873
142815112
142876458
142946231
143019475
143082250
143121599
143219408
143246847
143326839
143357913
143394896
143425930
143490385
143585498
143629476
143674826
143675065
143713576
143765590
143857365
143942383
143959526
143961956
143967735
143982729
144031018
144040395
144133491
144206990
144275748
144314447
144329615
144428427
144468205
144480671
144510008
144570965
144612380
144707099
144728750
144759889
144826358
144923195
144976873
145013676
145101782
145105115
145186256
145280402
145363172
145428339
145478488
145534115
145587683
145614566
145621479
145633320
145715133
145775394
145820434
145852501
145939933
145972606
146070115
146139171
146225516
146308430
146343901
146381601
146451420
146527669
146552696
146609556
146663517
146718659
146736253
146832853
146879996
146963351
147014985
147024905
147108681
147114536
147154177
147222566
147312757
147342458
147418071
147444210
147510110
147562249
147627826
147685764
147696110
147704851
147788625
147825142
147852747
147891387
147983854
148046966
148120199
148134140
148178536
148189491
148204940
148289645
148361098
148398897
148430271
148529444
148620760
148660763
148708520
148723986
148744705
148834546
148834692
148871421
148965069
149018030
149018310
149050643
149129909
149210508
149232195
149280746
149346818
149442573
149542531
149637173
149728804
149794446
149888829
149983413
150076721
150143962
150174960
150246042
150291481
150386555
150420010
150438605
150479803
150530430
150562410
150589353
150605653
150672928
150771992
150840458
150926659
150985159
151002807
151051033
151125031
151223901
151296917
151331619
151385718
151431778
151503378
151539091
151628597
151676561
151769379
151822812
151858751
151870174
151916657
152009143
152017112
152021799
152047794
152076007
152141309
152171689
152265042
152283350
152357218
152444155
152446997
152510546
152571446
152571731
152592671
152616481
152647771
152726238
152737212
152772146
152775315
152778931
152799761
152859796
152888868
152924650
152942018
153023053
153101644
153176580
153267666
153297087
153298274
153347337
153372507
153467325
153527504
153573836
153597293
153650259
153690082
153764889
153769884
153779202
153788162
153859453
153896260
153942051
154001547
154047068
154131257
154150464
154203457
154245613
154276901
154307864
154405244
154489155
154501505
154552788
154563322
154632244
154660611
154703908
154763365
154769507
154773555
154798835
154841237
154919238
154966626
155058793
155079444
155160041
155228053
155268115
155274944
155297298
155310767
155315743
155379658
155471655
155569562
155613205
155637654
155656603
155661921
155704893
155759108
155858857
155923479
155925109
155947224
156042269
156089330
156178970
156241367
156319736
156374324
156414577
156473347
156523403
156609010
156672402
156708053
156752071
156784908
156807542
156848867
156877880
156954963
157011768
157099666
157123750
157133886
157155983
157206468
157278036
157287073
157292021
157327698
157426383
157504386
157545228
157635948
157680930
157709248
157713983
157760473
157808688
157830337
157845112
157929306
157952636
158012669
158027172
158039634
158093323
158163197
158246073
158340319
158355294
158380020
158384269
158449228
158510178
158535226
158551234
158583241
158668682
158680605
158748563
158813690
158862294
158910018
158957518
159017611
159115906
159181855
159236840
159283623
159297076
159356903
159443508
159471746
159534153
159597505
159674336
159730337
159764390
159765866
159851691
159910300
159942219
160003874
160098623
160136195
160172482
160226762
160283624
160328596
160426346
160509749
160523806
160525576
160577197
160614924
160678343
160715495
160812318
160903322
160958995
161010170
161014607
161095202
161171499
161259349
161290957
161295709
161339485
161363094
161453460
161464276
161491911
161583177
161650663
161658105
161719569
161781207
161879373
161948830
161994628
162010150
162039194
162069465
162143419
162180701
162280670
162313584
162354651
162418428
162475390
162487095
162503674
162592143
162677722
162696910
162725961
162752666
162846751
162853437
162863617
162898830
162909871
162972218
163052259
163063479
163071690
163132508
163190193
163203717
163232176
163279915
163370413
163380885
163388708
163481636
163532575
163608154
163672525
163699056
163700172
163736931
163819348
163832500
163866157
163946043
163975576
164030031
164038869
164071994
164086824
164154945
164228792
164248292
164279516
164353225
164401637
164432232
164473912
164483396
164509632
164515121
164524935
164585557
164649998
164708900
164784063
164864009
164876426
164945294
164976534
165063622
165150026
165208183
165308078
165370652
165430041
165465601
165503637
165545810
165602512
165664672
165734425
165749042
165781507
165819099
165823824
165834936
165874444
165965043
165984763
165986647
166012359
166071616
166144157
166152690
166157477
166217749
166267057
166324858
166333278
166342904
166343372
166396849
166456709
166469975
166472774
166498922
166499953
166503479
166579254
166625000
166678639
166724056
166725230
166740892
166778511
166854667
166890959
166983420
167002704
167004370
167069435
167107570
167190082
167229165
167297780
167298021
167300264
167368920
167446937
167510231
167572089
167617276
167685305
167757294
167826338
167879408
167969394
168020491
168035901
168099076
168146535
168151151
168155840
168196893
168271666
168303537
168309063
168408907
168497285
168545860
168641414
168679263
168746497
168822477
168887451
168934992
168972459
169067166
169126399
169138695
169179800
169267573
169363877
169462362
169499276
169572028
169628118
169721439
169788016
169806982
169905185
169933084
169979705
169988720
170059488
170157867
170224778
170312283
170328418
170345627
170411087
170419291
170514332
170520666
170544632
170636924
170685508
170780528
170879497
170977931
171052665
171064943
171070532
171140400
171223936
171230630
171322343
171418064
171426723
171451642
171537488
171629041
171657369
171751846
171800259
171804392
171833580
171895622
171942305
172027313
172110647
172169353
172258642
172355394
172378538
172435935
172482996
172507651
172537834
172611088
172613577
172666747
172700587
172747946
172781260
172819917
172905380
172919501
173010435
173042749
173096202
173129341
173174117
173206824
173227520
173231574
173290341
173352854
173406303
173484354
173488455
173508562
173605824
173678806
173687955
173758343
173833027
173836147
173914626
173984846
173985035
173997152
174010676
174041174
174056783
174094021
174124137
174180989
174211386
174226855
174262043
174290835
174332044
174392868
174479464
174521561
174564940
174626143
174716115
174744550
174793079
174794158
174806332
174825933
174900277
174995207
175000470
175095682
175100491
175142030
175235694
175238026
175311542
175371239
175394684
175418570
175454688
175465814
175487312
175569377
175580800
175655318
175678168
175722723
175767203
175791784
175843621
175936290
176011004
176103214
176159295
176184800
176256663
176311366
176357052
176423624
176522404
176548879
176629111
176699808
176723890
176730646
176762137
176843022
176929918
177023536
177052913
177075078
177126182
177201651
177292852
177347983
177376521
177387580
177452934
177528546
177571281
177610882
177637374
177689739
177726573
177787008
177799678
177854921
177918171
177931771
178020295
178095172
178180011
178208219
178299589
178317277
178323189
178355481
178444788
178446448
178530136
178628100
178632461
178713701
178743020
178744430
178794247
178839909
178874794
178876322
178912882
178989171
179080206
179121532
179183332
179241070
179265742
179346331
179438570
179531956
179546448
179581500
179651262
179668781
179675503
179773858
179800005
179806400
179838157
179851162
179863714
179877544
179940382
180031962
180115203
180182821
180276112
180349598
180437590
180447681
180525107
180622548
180695247
180719044
180796920
180868494
180942153
180991759
181080546
181082450
181128959
181200407
181230651
181316928
181342810
181406247
181427445
181518307
181586491
181629096
181712060
181733173
181773771
181852985
181863720
181931814
181991047
181991319
182000308
182079905
182132602
182199871
182254931
182345733
182379908
182418541
182470108
182547762
182623165
182635007
182706760
182752200
182830020
182843586
182868735
182916831
182957193
183019529
183032965
183109211
183164664
183229578
183312956
183392101
183478794
183501683
183508403
183580895
183656909
183684768
183700552
183769162
183779133
183794900
183799990
183873535
183937209
184007380
184082137
184105888
184133488
184182702
184194898
184215068
184282641
184381744
184467718
184533067
184547841
184549493
184631138
184658403
184676729
184774200
184834522
184910742
184990077
185086109
185095974
185104036
185131845
185229868
185258573
185307222
185331599
185385095
185446128
185467881
185473895
185520668
185547603
185581499
185654861
185666484
185742892
185821396
185879306
185904944
185993584
186067311
186069523
186141685
186192956
186260027
186282472
186284335
186377392
186439485
186489593
186533601
186583783
186649243
186729779
186776138
186857230
186917230
186992237
187033076
187086107
187141975
187210818
187291522
187306051
187386109
187388799
187439055
187476203
187547905
187580059
187595765
187683246
187694103
187695089
187781447
187831707
187842517
187863911
187904549
187953862
187963016
188011396
188066631
188142346
188222342
188287649
188353169
188422493
188460355
188477048
188526788
188530228
188538531
188575441
188599066
188600031
188686362
188698966
188781605
188867125
188961892
189010584
189044545
189082045
189141992
189160376
189169639
189218483
189314014
189355154
189374280
189424557
189501767
189544759
189591746
189601881
189699541
189788062
189839850
189869657
189922400
189941170
190018252
190092483
190190446
190275320
190344385
190398114
190491411
190557749
190599022
190634253
190701770
190790906
190816886
190832075
190927748
190976956
191019458
191065782
191140532
191233952
191272294
191342180
191408649
191426479
191493667
191527176
191567186
191579000
191656129
191703435
191737274
191833102
191908323
191972552
191983456
192049777
192093805
192124320
192183240
192261517
192309379
192313469
192343319
192347890
192397672
192435328
192501594
192547319
192548326
192611263
192639761
192737879
192777001
192816735
192870675
192891502
192947976
192991987
193078081
193170210
193174195
193233163
193274134
193322874
193409224
193443016
193510159
193528118
193578918
193583221
193675610
193699031
193719273
193740539
193808757
193842088
193914161
193968756
194034444
194061636
194079337
194108172
194132464
194229829
194268738
194319113
194364883
194398781
194442173
194502319
194566334
194581834
194618378
194717943
194750758
194801049
194894496
194960587
194998556
195004705
195092159
195139235
195173563
195180840
195205297
195230122
195324888
195352429
195439522
195478796
195505324
195563953
195610953
195651927
195711492
195765695
195862850
195870686
195957173
196039418
196082957
196095767
196170757
196248587
196271388
196363474
196458688
196509503
196533601
196542275
196619047
196627519
196677550
196741062
196836634
196884015
196969259
196985062
197032699
197059816
197124561
197175666
197235145
197284152
197338710
197401746
197488651
197561585
197588610
197648221
197739008
197761092
197794883
197843842
197845181
197854286
197883582
197962235
198045586
198068927
198137854
198144940
198206976
198225599
198227070
198320803
198364580
198449077
198454474
198455037
198482304
198527673
198594344
198687482
198723057
198796986
198820967
198833828
198866415
198899033
198937530
198987826
199077940
199114959
199128922
199200516
199234665
199319008
199339579
199422001
199430077
199476066
199575723
199577457
199654817
199709583
199724582
199779414
199805293
199867958
199923261
199960523
199977235
200027139
200029954
200082145
200082164
200159126
200235728
200263525
200289308
200369750
200468406
200499120
200566292
200583354
200590581
200648885
200654611
200743119
200788439
200877879
200960902
201056320
201149926
201220576
201240494
201266291
201362268
201451253
201524278
201565728
201604034
201702037
201756551
201756708
201764771
201842815
201941142
201972040
202020169
202045701
202057168
202147708
202234770
202297725
202347430
202397679
202486183
202544988
202545264
202636153
202708612
202752055
202835314
202856140
202896111
202989931
203046099
203113367
203183134
203267627
203301376
203331544
203416874
203508008
203538167
203561966
203616760
203629505
203669623
203710762
203756852
203811049
203820514
203886695
203892425
203903830
203954453
204038340
204065975
204090907
204097353
204192433
204263209
204283806
204342408
204378487
204433884
204462636
204501968
204586267
204623597
204624906
204625962
204710631
204791091
204803803
204897407
204903722
204994107
205018167
205024486
205065263
205147892
205188084
205271357
205364417
205369089
205423643
205500074
205580855
205610092
205660498
205682413
205737356
205752564
205833786
205926249
205931293
206018915
206022491
206079916
206157368
206251091
206293301
206384415
206472116
206494603
206591376
206653510
206700734
206746855
206835036
206872730
206915366
207005349
207017110
207073392
207091623
207122850
207131041
207184089
207198705
207284890
207318655
207319803
207328098
207378934
207465155
207479781
207564681
207626092
207702481
207767037
207830403
207877210
207944282
208008539
208079989
208132239
208198372
208277220
208315850
208380935
208410350
208432014
208509282
208567862
208626317
208668695
208679373
208759177
208799035
208811763
208853337
208872697
208930416
208992479
209087043
209171270
209200360
209205026
209257830
209317806
209386054
209436675
209471553
209490760
209545537
209571699
209602403
209698970
209795085
209862780
209918319
209969539
210038691
210117137
210127723
210147807
210233252
210284446
210309267
210398178
210398942
210412751
210413927
210475779
210553683
210619630
210715498
210782555
210880039
210969414
210992630
211026321
211122084
211220285
211296836
211379984
211401701
211486072
211576227
211628183
211698691
211755043
211813205
211873983
211947890
211974356
212004779
212025012
212105010
212120656
212124830
212156979
212196019
212251753
212274987
212366531
212449214
212492098
212516789
212522407
212599592
212625790
212721553
212771606
212853685
212894789
212910004
213000127
213002574
213076761
213104509
213158274
213220517
213319390
213417904
213425403
213437085
213479677
213523650
213549290
213645567
213659113
213666626
213732889
213808587
213858303
213871692
213952530
213956799
214030651
214068693
214112896
214185641
214248050
214275079
214280591
214316939
214394012
214490441
214528429
214540519
214624858
214640594
214670825
214687034
214763332
214798434
214894621
214960896
214989264
215064434
215064822
215131143
215222796
215257287
215335952
215400606
215406871
215455548
215486901
215558936
215603355
215691162
215769555
215772508
215844279
215943811
215947966
215999767
216033949
216056809
216139360
216142358
216161055
216233228
216308855
216317253
216320453
216358463
216363935
216373067
216449590
216507530
216551605
216603045
216658787
216693161
216717139
216784296
216805686
216895567
216948120
216948202
217010812
217069130
217082784
217112466
217161416
217173153
217203481
217231751
217324227
217340742
217385502
217453015
217502538
217564764
217631596
217696188
217745821
217773585
217836139
217858996
217876972
217940845
218017490
218115910
218127909
218188052
218257606
218264427
218345401
218418459
218493003
218553912
218565629
218595191
218641679
218646980
218729685
218776344
218785467
218839254
218880421
218917945
218965372
219025669
219106516
219141364
219196250
219237998
219327191
219387846
219409212
219482739
219551818
219611283
219628157
219667173
219713311
219786046
219805287
219812504
219875649
219879649
219901398
219943453
219955569
219965565
220038239
220137841
220138477
220180201
220247762
220334450
220376442
220388129
220416222
220438624
220445217
220536091
220539238
220613308
220671832
220767610
220852242
220951178
220955756
220984560
221073657
221085283
221159340
221217130
221260884
221301391
221382518
221445218
221511798
221608184
221624536
221657005
221741801
221825048
221844843
221907844
221982887
222008578
222026910
222083009
222095251
222125117
222202437
222246890
222247651
222276488
222277011
222307499
222348397
222441549
222461990
222527588
222601629
222632813
222669076
222677135
222726807
222729303
222817614
222886021
222928434
223018384
223115275
223210650
223268830
223272232
223365047
223418840
223462724
223491674
223569677
223616029
223679733
223734367
223799748
223876265
223956170
224008635
224075357
224079635
224178565
224244243
224337256
224354644
224448443
224490871
224551196
224595161
224677751
224712761
224761628
224841132
224871779
224959093
225017633
225081606
225091778
225131672
225166753
225239856
225278048
225356329
225368580
225435475
225506589
225598108
225645985
225680043
225728173
225762997
225784963
225828121
225875059
225899235
225951960
225999408
226066682
226153957
226214866
226270937
226335813
226433414
226460205
226463521
226536682
226554084
226555766
226602536
226629961
226652778
226736783
226830821
226916897
226929610
227008063
227020489
227096075
227141570
227183430
227205044
227249769
227324228
227368132
227403537
227478948
227561050
227637278
227670058
227762941
227769800
227775809
227875240
227922993
227933319
227943492
227985350
228080242
228156297
228194292
228202067
228239447
228249054
228329263
228395480
228426896
228520008
228617111
228650399
228737915
228823103
228915612
229009817
229105143
229148081
229182189
229212170
229250199
229251286
229279873
229340669
229421771
229432218
229529773
229539217
229544252
229554755
229584896
229672447
229720659
229784275
229859368
229939147
229967867
229983601
230014319
230049674
230146043
230151030
230178876
230218535
230234711
230263746
230326583
230400272
230421793
230451344
230504267
230567844
230627293
230715170
230738138
230820249
230876824
230966979
231011080
231036480
231058993
231109002
231141389
231216235
231229221
231278970
231322387
231380416
231436200
231469080
231548247
231626629
231712712
231794204
231850870
231901663
231959044
231960497
231986328
232071141
232093883
232107600
232175777
232274725
232349093
232395160
232414303
232507006
232529615
232567782
232624139
232639788
232662748
232749799
232772071
232842035
232917446
232998434
233027516
233034514
233084482
233137232
233191778
233284949
233333972
233375055
233410893
233444564
233463370
233520040
233558752
233621760
233656534
233685564
233767905
233856927
233905129
233987772
234005992
234017542
234050139
234141983
234209774
234273200
234366536
234422773
234433888
234494471
234547369
234646830
234656789
234657497
234664055
234674041
234691209
234721368
234738952
234798804
234897098
234911066
234995755
235074073
235150065
235219274
235302939
235355237
235389471
235432354
235454868
235480863
235533108
235603574
235610254
235679481
235744866
235821676
235849723
235877904
235918866
235928340
235990803
236078286
236155678
236241651
236283160
236324540
236329740
236339287
236348234
236374703
236377680
236473922
236491315
236578633
236615497
236644639
236655518
236668057
236716114
236813957
236850830
236947962
236960815
237024384
237040254
237122303
237216651
237233908
237256974
237259904
237284729
237313862
237359343
237367018
237445735
237503265
237589998
237658092
237750206
237767736
237840173
237913088
237960011
238052341
238115955
238170435
238210586
238271660
238275112
238282731
238309865
238396107
238442736
238444808
238540985
238577450
238651130
238653590
238679786
238687516
238770178
238862315
238947995
238997024
239089347
239145493
239194820
239213765
239261623
239278946
239291589
239352483
239361802
239454582
239542786
239572619
239603129
239606027
239625987
239682639
239725630
239729361
239779344
239789469
239829089
239927184
239934198
240016118
240081663
240166694
240229724
240252711
240348679
240361116
240455451
240468874
240507455
240524268
240552407
240611546
240671584
240721141
240735351
240772695
240848140
240853560
240939861
241031618
241055482
241097592
241172505
241176620
241234890
241239602
241285853
241341963
241437286
241531321
241559089
241612469
241711062
241802206
241845276
241922107
241970637
242048488
242071398
242102585
242168111
242233509
242235577
242328022
242393450
242428926
242463286
242514829
242569938
242621883
242714757
242755552
242773847
242829241
242857184
242869512
242929524
242954109
243018819
243023574
243064865
243101186
243160342
243195591
243289672
243365922
243424170
243491488
243526012
243593894
243662981
243696146
243770079
243809035
243869630
243885209
243895817
243959828
243990496
244011243
244107713
244149440
244242723
244301148
244312939
244389168
244451344
244508147
244561767
244654484
244675244
244722827
244821680
244910819
244988374
245018694
245100886
245182710
245216444
245236323
245297959
245308074
245385636
245410975
245473507
245538061
245576373
245603652
245608887
245696521
245773881
245842960
245859515
245907557
246007427
246103891
246122626
246169673
246245174
246303936
246320468
246406026
246416491
246505252
246540600
246591258
246615986
246648721
246660729
246679898
246755979
246790183
246810278
246826735
246905569
246991778
247050919
247132542
247208451
247273376
247286971
247352759
247434250
247442668
247450258
247476919
247506598
247594026
247630620
247645452
247698004
247720022
247774583
247777394
247864343
247900793
247914233
248014126
248111367
248128858
248175904
248240432
248278840
248302336
248341869
248346908
248356776
248365206
248366690
248404075
248416694
248473043
248485499
248501963
248573783
248639840
248686576
248786560
248883966
248891489
248914354
248951807
248981890
249044038
249062725
249078423
249093925
249162634
249240143
249290918
249291169
249338082
249405894
249436416
249515385
249540689
249570155
249575464
249619882
249681418
249682529
249737547
249796542
249800234
249849479
249891107
249936494
250027654
250063198
250089634
250153922
250244953
250263280
250308753
250367948
250369154
250388703
250482287
250513641
250523796
250567150
250593462
250663849
250729013
250778724
250810226
250853859
250873574
250879356
250884045
250930699
251019680
251049721
251148482
251151057
251215491
251288409
251356462
251410787
251465800
251546794
251554541
251573576
251673290
251762058
251772081
251807982
251841451
251874759
251880590
251954591
252013033
252014208
252082246
252168018
252215059
252275244
252307989
252348853
252383039
252389286
252488852
252512108
252553386
252582349
252666092
252714359
252802605
252868498
252950360
252985084
253034750
253107010
253174539
253269478
253280249
253315546
253410090
253470021
253472637
253554861
253641264
253730043
253776933
253866403
253913781
253961142
253965287
254039795
254095651
254172794
254196929
254267042
254311951
254355884
254365191
254447393
254499736
254508627
254549743
254632189
254649983
254661125
254726276
254752422
254794769
254803503
254897583
254932474
254963088
254971730
254998137
255028192
255079070
255167854
255173306
255237847
255245045
255325712
255333342
255427308
255431323
255493949
255592918
255635401
255696589
255757552
255783851
255798818
255884205
255915862
255975820
255978106
255999521
256011831
256091087
256144133
256237900
256332736
256416535
256419173
256436156
256515064
256539583
256556820
256609954
256667090
256681491
256735060
256826431
256840276
256928966
257021793
257035873
257102655
257132540
257223889
257246471
257303226
257338842
257424228
257441501
257451938
257472807
257551449
257562244
257576376
257635069
257685089
257740689
257773185
257837668
257896123
257951314
257998334
258073713
258168111
258178972
258227553
258260717
258297546
258361486
258435496
258441723
258510129
258591700
258632537
258726768
258735896
258750761
258816529
258872617
258917347
258979332
259005634
259064402
259148642
259218136
259287846
259316425
259370152
259439868
259477150
259512443
259543537
259569444
259617765
259673925
259675908
259766697
259851112
259928054
260005688
260101701
260134725
260201486
260252291
260265474
260354137
260412383
260467683
260488008
260583367
260675349
260676736
260749981
260820637
260853590
260903520
260990154
261021539
261054160
261067670
261131991
261137361
261149974
261240610
261278163
261334412
261375544
261469688
261471030
261507919
261601647
261696886
261709682
261785610
261849877
261905564
261905826
261976978
262070845
262165483
262224793
262299226
262330532
262394456
262426968
262462016
262535349
262602659
262604840
262679721
262724158
262799741
262856319
262936739
263014475
263066936
263089134
263129078
263200580
263286548
263306327
263351766
263351905
263411924
263457814
263543615
263640091
263707157
263735746
263820290
263863405
263895356
263987320
263999894
264070673
264095352
264156708
264185071
264222106
264246154
264314039
264410203
264425551
264428672
264505696
264534709
264615920
264666547
264733244
264829377
264870915
264938074
265028357
265043075
265131979
265214920
265227481
265321394
265366933
265444970
265513808
265584188
265643577
265722939
265775302
265812951
265852782
265885670
265919080
265921002
266014990
266084500
266136481
266186113
266211489
266305592
266401330
266499909
266527229
266554220
266566460
266592670
266615164
266648992
266683005
266702156
266800281
266875806
266967645
267062468
267083454
267142621
267229892
267235726
267326235
267341813
267396814
267422708
267446735
267504987
267508358
267590017
267684171
267737052
267764141
267780746
267794885
267804473
267852788
267904473
267907948
267943324
267952719
268031966
268121109
268137249
268227242
268237848
268291560
268301522
268361057
268410556
268442061
268491509
268525983
268561361
268602827
268652952
268738013
268804697
268892271
268940938
268984164
269035053
269113621
269179260
269217855
269274598
269335423
269342775
269427366
269486156
269585429
269679238
269714600
269726940
269782601
269872384
269874143
269925728
269977305
270031729
270050442
270101699
270113707
270130662
270138305
270148939
270197306
270272568
270316905
270401423
270479606
270501002
270504328
270570452
270594471
270676056
270774577
270792313
270882007
270915171
270992364
271067847
271140439
271177036
271247929
271338316
271345606
271366282
271420133
271477634
271511156
271541918
271609676
271629619
271704143
271744351
271790438
271875782
271891973
271938652
272019930
272100164
272186060
272186206
272243873
272246000
272320290
272403357
272421205
272467502
272558998
272644733
272667749
272718430
272728768
272783139
272788928
272819775
272843557
272845390
272925671
272977606
273017180
273108322
273136600
273226779
273318478
273367435
273421577
273443877
273521052
273575256
273670781
273704991
273707736
273753325
273808666
273857862
273904358
273993178
274008293
274093578
274108714
274114882
274120178
274159921
274226261
274257558
274310178
274321929
274365270
274401116
274406236
274407952
274506277
274595736
274651742
274704036
274744861
274822376
274858301
274880860
274966928
275021982
275091503
275179252
275189157
275282896
275343442
275420541
275491014
275517085
275538015
275538814
275549061
275638104
275688020
275769306
275811817
275842181
275844408
275901062
275914723
275993564
276010823
276034334
276130403
276173026
276247171
276255438
276295614
276363787
276447961
276525555
276567817
276659268
276659276
276660309
276756514
276842928
276898641
276970500
277009883
277075014
277112699
277127184
277161670
277219068
277271127
277356516
277436461
277498246
277520445
277608513
277651377
277746126
277753057
277793428
277849315
277935357
278005460
278058908
278154786
278168853
278238445
278316073
278349763
278391478
278464733
278473978
278509794
278582831
278639623
278735788
278804216
278886201
278970806
279018079
279067465
279144117
279157525
279176070
279207868
279254762
279268994
279280636
279350735
279421934
279520264
279533111
279561093
279619415
279631177
279679076
279744756
279803553
279887805
279975785
279979307
279987795
280062607
280133783
280191776
280277369
280351160
280390073
280411972
280472996
280520463
280557546
280570945
280635521
280677209
280760986
280836019
280855139
280870597
280951616
281011345
281023059
281059484
281093077
281129445
281147167
281212056
281306146
281344840
281431844
281487258
281577163
281641016
281644560
281688729
281734203
281813915
281853751
281858113
281933047
282002858
282027442
282055099
282081527
282120101
282164542
282216898
282226320
282246709
282339936
282382255
282435041
282480311
282545575
282574888
282636896
282648128
282700570
282771161
282825142
282826123
282918103
283003538
283061011
283140760
283161813
283208329
283251416
283283490
283358513
283419131
283431151
283494800
283579638
283625323
283682492
283718649
283774815
283779162
283839895
283905434
283997276
284022941
284035420
284109128
284139386
284196394
284219471
284231834
284311230
284336004
284375541
284436159
284453600
284481027
284521973
284525077
284550887
284616407
284650208
284660340
284663282
284682903
284691802
284760413
284762459
284785424
284858759
284917735
284934469
284963970
285050166
285082608
285121047
285122722
285206256
285207292
285288477
285293331
285319000
285380082
285440495
285538770
285542366
285625854
285656861
285694182
285780744
285784551
285858347
285900377
285996866
286033332
286108891
286138260
286200025
286262965
286292887
286314009
286381977
286394833
286440347
286458736
286477336
286497498
286530868
286593743
286656667
286692188
286732776
286741043
286789986
286858890
286921435
286921946
286925165
286946186
287033889
287122230
287208660
287265577
287276585
287308721
287361927
287375433
287400762
287425659
287448082
287500112
287515445
287556264
287580264
287581874
287587256
287675807
287699830
287765997
287771235
287800493
287855553
287902100
287953532
287989217
288046307
288086451
288166976
288228634
288243190
288314753
288377166
288453414
288474124
288512062
288563597
288616410
288620444
288624961
288699690
288732071
288778461
288789659
288858343
288932320
288958334
288972285
289008048
289031029
289127191
289193507
289280354
289346743
289364560
289424655
289437410
289465304
289518651
289605828
289645585
289710309
289726637
289727057
289816351
289844193
289856216
289934921
289987224
290034114
290102471
290105220
290129851
290198651
290297975
290324233
290376093
290407872
290440961
290505491
290583821
290657520
290708895
290753269
290808810
290809923
290886491
290936427
290953124
290986887
291015116
291072883
291107336
291159762
291169614
291228344
291252560
291294110
291323341
291402914
291466422
291475079
291515060
291607312
291616403
291648010
291702091
291769348
291834934
291898800
291957218
292034793
292045522
292135600
292181889
292207866
292225016
292288910
292325651
292372713
292465738
292514227
292584662
292650474
292743451
292818228
292837672
292924546
292951561
292955749
293027885
293061635
293094284
293181188
293205980
293215554
293254802
293305154
293363693
293367361
293405342
293464170
293540754
293585010
293633597
293645245
293706614
293798804
293811856
293845314
293859738
293958338
293983232
293991170
294053269
294122043
294198689
294211523
294300407
294389364
294406109
294442958
294455062
294480591
294540165
294590471
294670302
294716976
294752704
294800660
294841937
294934375
294941658
294948245
295047275
295097008
295133997
295151479
295219976
295234682
295268957
295328243
295372115
295396378
295408861
295416125
295416296
295475469
295544572
295551857
295553999
295575107
295615905
295634986
295687604
295728768
295743567
295751560
295834280
295870169
295892957
295970613
295997988
296069898
296163764
296261165
296325217
296333273
296369485
296387854
296427118
296461829
296475509
296543198
296577000
296632826
296686606
296729507
296778239
296807478
296854845
296940048
296978092
297029545
297116113
297150466
297249736
297257741
297316265
297392020
297448980
297527367
297622063
297630884
297665590
297669601
297732251
297801524
297898309
297962273
298024556
298088899
298157286
298209702
298223225
298223463
298318826
298367279
298397682
298463593
298508476
298544863
298612463
298698189
298771895
298808178
298908130
298923259
298968976
299049820
299113424
299119607
299205562
299235621
299274854
299333281
299407996
299437733
299493943
299561358
299578200
299624067
299633171
299683878
299773029
299793674
299800748
299858671
299922766
300018421
300073165
300167768
300259750
300320974
300361773
300433604
300533069
300536122
300553522
300640210
300736239
300790880
300795224
300862155
300869205
300883107
300970045
300972665
301037083
301097039
301187653
301190274
301287525
301306557
301391223
301417690
301502184
301551791
301558548
301646363
301724099
301740996
301808394
301813443
301905330
301949523
302044961
302077486
302097458
302159941
302181455
302216738
302236002
302296281
302329714
302407711
302483003
302550757
302593838
302597270
302669353
302741566
302758892
302809648
302880923
302952836
302964511
303037097
303044712
303110054
303166722
303238816
303318300
303352954
303445736
303511690
303594850
303632632
303716138
303731904
303790547
303868650
303885951
303909551
303992036
304067698
304111880
304152562
304194530
304262234
304262921
304325875
304389148
304476994
304498562
304576350
304611223
304620417
304657035
304746583
304844548
304915599
304929977
304931117
305018217
305032943
305125398
305178868
305249534
305305198
305368021
305398843
305464318
305516507
305575860
305605854
305668363
305756841
305766483
305853029
305863013
305906299
305986879
305997819
306033673
306066528
306101671
306194785
306278116
306346277
306408814
306505057
306558548
306568807
306646578
306712517
306808673
306906044
306952076
306995321
307045335
307048651
307135645
307162511
307227639
307240386
307335546
307388905
307416491
307513961
307586453
307636582
307672881
307752996
307773981
307817559
307827909
307837603
307902030
307954160
307957758
307966089
307969873
307985827
308058964
308143572
308215251
308228100
308236627
308309189
308370022
308434221
308458075
308520000
308586099
308586828
308686065
308698636
308715892
308772507
308786712
308853273
308873664
308894955
308939702
308954408
308989188
309070172
309162614
309174100
309252715
309270078
309362477
309409243
309508947
309557077
309628055
309660057
309712503
309721375
309738481
309745265
309780248
309848794
309918126
310003344
310030356
310071434
310152327
310246497
310274334
310320527
310360927
310395742
310490679
310558971
310642837
310736973
310824703
310848815
310890699
310910947
310996565
311000335
311055798
311129748
311153045
311172648
311231403
311284371
311317158
311379096
311387254
311468627
311470940
311545608
311564676
311625542
311661539
311759490
311851474
311931530
311991736
312069113
312149291
312195781
312227863
312240805
312267524
312273219
312326642
312425261
312493167
312497292
312501605
312586195
312675732
312688498
312709981
312737454
312780171
312813403
312840077
312896425
312935046
312953582
312985249
313049599
313081624
313123114
313185998
313236325
313282486
313283506
313318284
313364459
313393258
313477084
313488891
313544046
313609993
313625542
313627537
313640760
313660991
313672283
313727547
313806191
313865873
313913107
314008399
314043075
314058173
314133437
314152009
314232383
314240407
314274361
314333248
314359519
314391204
314472834
314549265
314568638
314589904
314659059
314711070
314797555
314805350
314888536
314984875
315082304
315117406
315190940
315268553
315345312
315394375
315486796
315518610
315529931
315612724
315666059
315703463
315783827
315810623
315858780
315931888
315976159
316075455
316171206
316217981
316276323
316336422
316338914
316409780
316455046
316554255
316636379
316676307
316762801
316832385
316915400
316952790
317042551
317044798
317119157
317205559
317267203
317340033
317395013
317458726
317520121
317589611
317615296
317661858
317679161
317731666
317778234
317797353
317808855
317902867
317973834
317987538
318053104
318125027
318212341
318244467
318295277
318337028
318382699
318418581
318445397
318458976
318541990
318591211
318677235
318750722
318844448
318855040
318896522
318952945
319018577
319055183
319083224
319148343
319188519
319210690
319223901
319245622
319277736
319350846
319387721
319390530
319430063
319480432
319541543
319632608
319672132
319720772
319748496
319789490
319851455
319881396
319977345
320037790
320090429
320171757
320176788
320254633
320297582
320367656
320434526
320438868
320451711
320485378
320487912
320567584
320621547
320694934
320699543
320730052
320758446
320785885
320823630
320909098
320967753
320978973
321071818
321157672
321240356
321255568
321350281
321365180
321442324
321515394
321540020
321611277
321701005
321731959
321759667
321781953
321822471
321893530
321948778
322032117
322092638
322120549
322202501
322236350
322293316
322365605
322433941
322471979
322531299
322595268
322692988
322730911
322761029
322821206
322918357
323018257
323101549
323128893
323187312
323246903
323299563
323382717
323399388
323412432
323461590
323462944
323518701
323532024
323595783
323596931
323656641
323706338
323783966
323870666
323887691
323896041
323921116
323984303
323993776
324076805
324143941
324230079
324242440
324252182
324320878
324351771
324421438
324449193
324526078
324620553
324636285
324639384
324724725
324785756
324853834
324927177
324984671
325027066
325076963
325118387
325173982
325176155
325235744
325299643
325398564
325484340
325506869
325583594
325594734
325635457
325656951
325678599
325683236
325776356
325812820
325881658
325894951
325984186
326052924
326080533
326144507
326175069
326271521
326325353
326357143
326448621
326533334
326587455
326641514
326738081
326810011
326840603
326914570
326952041
327001059
327075088
327142939
327163592
327210642
327278664
327292206
327338115
327417719
327429500
327508111
327543478
327563839
327615937
327640355
327733768
327733830
327771692
327787829
327801706
327804968
327869460
327914872
327990908
328029426
328032991
328118437
328151095
328249143
328293290
328316528
328399937
328427508
328463311
328464204
328489983
328493429
328496180
328587999
328673723
328677767
328691602
328757209
328773747
328868071
328966350
329040893
329110800
329143185
329216306
329247343
329306945
329375413
329399071
329440710
329469439
329560733
329625812
329723244
329768976
329848363
329934008
330019816
330042058
330078573
330108439
330162780
330169746
330181738
330229519
330295213
330351814
330403680
330419784
330444176
330459409
330496634
330503311
330552876
330605177
330609428
330655242
330697016
330735523
330833225
330852380
330854083
330867762
330966312
330975892
331046722
331133756
331219924
331245536
331281819
331341650
331369955
331427887
331509291
331528780
331583190
331679074
331732647
331805595
331861241
331903618
331995477
332031196
332130704
332195554
332273363
332302072
332365411
332381603
332390714
332397117
332428528
332455171
332472156
332565435
332586194
332679355
332719094
332789689
332838303
332869790
332873632
332911837
332983408
333000964
333016845
333027727
333113047
333162470
333167728
333249338
333253231
333280855
333363210
333429722
333465969
333553264
333570429
333593163
333616500
333640544
333664700
333701513
333727338
333775954
333787180
333878531
333910954
333962014
333992855
334036581
334134185
334154361
334176174
334195106
334211657
334230721
334244914
334269276
334327357
334379995
334389982
334443121
334483677
334501995
334597704
334604733
334650075
334732321
334738144
334758863
334761922
334772951
334861535
334902026
334993994
335021500
335051067
335117875
335119095
335212102
335213422
335273446
335306862
335377323
335386798
335453807
335456519
335491339
335538394
335541720
335568292
335637617
335729627
335729646
335743899
335767057
335863722
335945985
335987646
336036379
336069029
336105392
336202193
336287772
336298398
336384557
336405497
336461439
336472682
336515682
336614339
336629287
336676881
336765585
336840272
336915173
336926995
336948937
336995027
337075637
337109449
337179786
337200991
337241470
337295228
337373140
337391668
337477332
337485863
337510314
337590222
337595701
337608924
337662886
337680548
337771027
337852639
337867073
337915415
337928255
337949135
337972471
338011835
338053095
338116145
338150556
338208520
338306831
338310576
338348150
338398874
338465170
338557775
338599149
338611931
338679406
338745535
338801104
338854545
338888872
338928812
338992600
339036178
339056767
339084635
339128916
339177919
339247664
339322585
339359605
339416676
339511468
339540201
339586065
339620874
339650965
339697316
339775216
339830356
339867175
339897480
339979818
340071442
340132271
340196661
340231791
340276945
340355742
340433470
340478208
340480395
340564910
340628171
340704186
340706838
340755448
340789817
340878816
340972014
340981471
341044111
341085573
341158992
341250629
341273526
341291554
341368625
341423749
341496316
341584086
341606063
341692923
341733873
341793229
341892349
341920890
341964468
342039608
342090270
342161377
342181514
342279743
342364561
342396637
342417047
342508514
342598144
342643383
342740195
342769750
342791493
342797524
342805736
342857030
342930591
342944389
342981526
343019501
343065989
343149301
343224432
343252198
343264279
343264696
343276815
343315053
343345774
343438945
343506337
343584610
343604275
343696072
343719476
343730155
343801280
343886511
343960616
344008631
344027182
344035076
344075681
344157780
344219157
344249093
344322089
344362569
344403186
344412772
344492723
344534623
344538078
344605717
344666059
344690972
344771097
344854801
344937726
345034798
345119099
345217277
345271070
345339157
345394439
345397926
345491547
345549089
345584851
345594057
345665750
345689935
345779426
345838243
345860582
345957208
345966116
346004813
346095787
346187930
346232267
346240487
346338422
346393585
346420056
346452046
346548139
346579501
346591730
346661255
346748990
346806162
346835982
346869404
346931005
346940412
346958676
347025127
347089768
347146776
347229806
347282081
347375840
347412091
347508861
347584826
347679208
347686438
347759051
347830814
347893850
347926975
347930417
348005403
348049561
348076881
348107946
348163570
348233529
348252388
348266995
348287129
348381284
348428454
348455258
348471837
348491541
348575182
348621123
348716179
348742856
348797479
348861193
348941308
349032484
349100671
349190325
349261241
349332021
349422608
349497750
349523266
349528347
349586325
349613614
349712149
349802834
349891910
349912100
349978809
349978883
350044748
350125893
350199166
350254300
350261646
350330033
350416541
350515939
350603326
350693034
350733971
350770177
350849659
350926686
350942935
350964439
350971834
351001109
351071773
351165279
351225951
351269757
351273400
351330859
351369706
351384649
351453184
351537458
351561561
351587648
351674472
351700969
351748156
351776153
351847226
351849325
351892862
351953777
351984600
352010224
352095262
352140415
352231940
352311587
352329244
352411430
352461808
352475005
352572681
352587079
352624100
352668359
352727733
352791785
352880108
352903375
352977076
353000880
353062293
353106228
353128819
353171222
353199939
353294698
353347045
353446933
353517140
353576358
353608454
353649086
353690720
353698109
353774935
353862443
353864530
353873747
353944305
353951740
354046420
354074007
354113638
354143366
354236376
354334313
354418435
354490545
354586454
354649651
354669197
354700306
354739250
354782822
354810085
354864023
354905655
354939427
355030424
355111954
355185622
355207460
355239653
355262119
355352523
355353691
355378110
355428443
355519357
355544758
355607995
355674735
355746121
355795929
355830405
355920761
355988960
356025214
356044315
356116565
356171751
356191287
356270413
356293615
356323200
356410988
356510293
356516870
356551207
356601704
356608731
356685976
356692462
356731795
356778254
356836083
356838379
356918911
356968855
357028026
357052400
357147329
357243968
357279791
357376019
357451566
357503942
357548386
357582523
357673167
357747079
357829205
357851822
357890299
357972560
358055394
358057077
358064705
358096102
358195994
358219093
358305489
358360836
358402698
358477310
358493468
358518620
358618498
358692286
358776091
358861409
358866138
358904073
358930881
359003463
359025273
359035841
359107754
359136694
359145110
359182404
359260760
359343418
359420910
359440025
359459911
359492912
359537176
359604262
359608795
359658912
359689752
359745845
359767956
359789109
359820429
359894353
359990059
359991339
360063800
360154893
360244341
360334550
360335410
360389280
360457389
360492354
360535183
360589379
360626974
360664880
360757977
360830876
360840862
360939034
360981956
361024698
361059548
361109692
361194148
361268347
361346191
361401696
361446598
361450645
361523971
361612342
361632091
361665816
361674370
361728484
361732837
361755050
361820517
361847207
361865368
361918631
361990278
362071879
362138478
362158655
362173532
362231959
362306634
362358624
362396969
362467634
362480771
362579131
362601613
362698711
362711392
362738764
362825208
362856306
362929998
362980171
363007816
363086528
363115167
363198635
363251045
363335746
363377825
363442381
363462697
363527779
363533338
363625055
363704261
363724000
363782509
363802523
363853005
363945765
363961093
364020606
364066685
364071824
364143391
364237394
364261279
364354575
364418310
364426747
364481616
364522452
364597033
364651819
364683892
364779740
364782682
364850566
364869204
364945002
364982088
365056463
365092091
365096095
365187372
365204223
365289545
365363080
365421008
365444884
365470288
365555584
365607718
365610265
365698965
365758343
365799554
365880460
365883251
365918950
366002630
366069110
366113266
366197676
366231260
366279019
366368669
366373545
366417910
366457922
366538101
366585588
366622567
366677144
366767106
366772748
366799440
366896649
366919556
366975980
367061650
367139361
367179649
367199926
367238665
367265177
367309685
367355461
367359382
367393376
367486710
367586304
367676502
367702056
367770339
367815831
367897583
367908156
367968524
368016498
368090965
368095498
368164970
368216622
368311675
368341545
368342569
368400785
368489443
368543533
368575138
368660432
368682627
368763726
368775246
368867662
368959245
369026559
369041006
369079439
369151597
369212360
369239449
369244650
369313407
369360970
369364899
369419238
369498016
369505929
369525653
369555723
369579183
369642707
369722984
369737838
369805719
369901789
369951115
369961130
369992004
370061928
370112832
370178310
370206813
370273562
370330674
370353329
370380707
370431690
370456972
370474607
370558574
370567327
370589484
370668955
370733030
370815469
370901225
370921679
371003664
371022467
371075740
371126916
371152628
371205205
371229356
371268638
371290496
371335841
371406292
371424043
371518001
371591754
371601117
371659303
371720657
371737905
371818544
371875614
371888772
371889767
371923608
372011760
372102916
372150484
372177734
372221756
372282130
372290437
372354675
372407520
372459408
372467737
372510045
372605154
372666333
372703920
372781354
372832044
372900142
372922440
373018806
373037606
373128642
373159838
373175170
373264972
373330702
373339368
373408121
373468134
373502302
373524698
373576839
373587014
373617475
373649804
373667605
373730536
373807344
373893197
373947608
374032248
374127898
374147929
374247441
374261354
374272346
374315525
374362436
374430183
374524538
374552702
374621588
374651698
374734762
374797944
374883372
374932581
374937454
375018126
375077777
375091475
375130336
375183442
375228388
375272565
375310400
375333601
375334656
375378964
375442307
375493007
375542120
375600438
375698692
375708748
375746577
375788620
375792115
375825692
375873495
375929224
375972931
375998936
376053379
376106864
376172733
376194461
376288018
376318773
376400707
376449867
376495515
376522070
376561266
376605762
376611915
376615354
376651079
376688276
376694798
376751009
376765734
376777202
376787335
376790563
376837895
376911042
376911396
376972456
377000171
377049163
377054880
377109478
377191898
377208552
377257584
377347859
377396811
377446780
377546374
377642092
377642980
377644966
377741998
377758670
377759293
377831915
377907421
377937862
377972284
378048076
378111867
378155656
378221733
378312161
378341343
378398281
378460060
378522514
378557230
378616291
378634334
378666700
378670503
378769158
378834456
378846543
378897953
378929003
379013861
379023522
379096901
379172509
379265415
379309305
379378751
379443068
379491199
379532825
379630714
379724318
379758133
379847546
379939876
380003380
380027085
380071873
380120973
380218693
380296341
380347395
380358889
380370729
380414260
380419970
380495032
380504696
380545525
380574429
380592724
380597868
380663579
380752909
380781277
380789300
380867124
380963255
380994808
381093327
381147472
381218060
381237208
381253651
381309748
381339493
381404624
381416834
381420221
381503380
381505359
381600696
381630384
381656384
381738104
381818453
381825267
381836911
381899669
381922112
381989450
382055532
382057245
382115187
382185568
382240741
382308507
382377355
382399783
382449494
382453028
382479885
382549224
382583013
382678395
382725771
382748945
382827458
382843878
382914594
382998030
383090607
383109434
383187632
383278310
383332262
383397595
383408241
383452169
383468538
383483864
383521790
383579511
383598176
383635912
383681280
383759961
383809438
383863954
383945600
383975921
383998941
384047789
384140152
384154592
384208505
384289248
384359015
384378253
384378639
384395918
384413310
384480076
384541407
384565356
384638197
384675432
384686806
384738055
384759628
384834903
384921266
384955024
384986190
384990142
385028099
385059523
385123142
385215696
385283153
385351437
385392314
385473184
385570825
385592839
385643661
385645986
385713514
385732256
385754265
385779444
385807091
385858222
385896755
385988862
385992021
386045592
386098801
386192238
386248092
386281585
386297676
386322534
386391369
386475906
386540306
386627013
386695438
386718131
386786678
386874227
386892022
386901134
386908441
386912609
387001754
387042984
387091241
387161680
387209838
387225626
387278275
387319338
387329487
387373724
387402622
387470414
387541590
387576269
387599915
387668836
387766676
387853840
387892573
387963303
388006756
388090571
388114175
388180004
388191865
388245561
388280597
388343835
388383995
388447508
388449965
388546482
388641215
388728548
388811213
388895996
388941978
389003620
389064048
389082678
389083639
389117745
389174980
389259918
389284908
389352624
389398412
389430425
389509289
389588126
389677877
389715216
389734853
389753767
389837616
389905541
389906593
389923829
389958629
390054654
390065614
390101206
390169821
390268425
390331746
390354557
390372041
390373230
390427175
390507746
390587719
390597284
390632808
390670524
390712836
390793885
390865280
390869809
390946329
391028022
391066123
391118545
391212774
391300252
391348649
391393778
391415117
391430430
391516742
391536526
391635113
391726704
391788000
391883818
391914044
391951565
392014082
392090075
392138220
392195565
392238164
392267057
392348911
392356525
392394716
392461042
392488021
392498293
392561381
392660972
392718462
392743161
392830229
392900955
392978799
392988604
393024192
393074663
393158127
393233973
393283392
393339270
393352449
393384844
393473248
393566322
393581951
393657888
393718893
393766773
393776701
393830384
393929983
393991203
394084814
394096751
394148825
394227175
394275666
394343967
394349047
394437222
394504910
394585250
394614103
394622979
394653590
394699157
394756591
394758100
394856351
394887511
394895025
394914555
394996982
395030127
395073253
395155709
395225580
395254057
395286148
395338048
395369757
395418825
395421518
395479953
395565014
395663711
395727864
395808582
395869978
395878513
395965012
396002593
396086509
396161811
396229944
396284338
396383149
396425316
396506506
396538046
396549189
396565517
396638704
396683593
396686471
396768973
396816688
396893392
396917952
396949368
396974522
397008827
397019086
397053378
397102968
397111386
397152944
397239498
397301235
397324949
397352285
397363743
397377085
397404214
397424904
397438525
397516435
397525099
397623548
397629129
397724890
397804472
397832036
397867199
397962248
397975664
397997534
398027434
398111060
398197211
398254247
398292602
398388958
398430391
398528086
398560647
398585936
398684985
398766081
398837717
398860432
398943776
399026637
399094664
399102570
399148873
399151783
399242759
399297955
399370323
399409575
399491948
399563259
399604512
399676544
399689715
399697195
399773499
399853037
399854086
399872714
399884284
399921714
399953422
399996206
400052367
400116940
400155769
400221964
400266576
400287841
400327076
400332046
400363906
400426017
400427637
400428354
400526982
400598106
400624773
400651401
400685346
400686705
400723028
400803913
400833223
400882000
400937438
400984171
401065868
401109731
401193712
401207611
401255595
401336310
401378090
401389950
401451897
401536821
401561665
401576086
401630158
401714891
401788276
401831367
401866170
401932324
401936405
401969309
402012154
402084714
402092768
402115488
402212158
402242674
402293931
402354718
402414149
402488512
402547734
402605288
402606205
402702693
402795187
402870091
402895351
402975872
403069138
403076629
403120848
403149697
403187744
403198807
403219981
403309084
403381340
403420514
403452731
403522604
403607217
403694475
403767163
403784120
403850676
403915441
403957486
403959336
404049966
404069466
404169258
404182098
404261487
404350329
404428276
404490859
404498117
404517380
